690
480
1350
190
250
1580
520
710
530
720
430
1500
440
870
550
840
1050
590
440
1080
1350
640
420
760
640
690
1320
930
880
810
2500
790
600
320
1200
430
550
1350
590
360
730
1200
1100
800
540
710
500
480
2320
240
1000
1210
930
650
400
500
630
680
470
970
560
840
340
430
510
440
500
1230
180
790
540
1500
550
720
380
1070
1520
680
510
970
620
1050
1070
560
540
660
780
650
1120
580
1050
760
460
1250
880
180
610
750
880
250
1320
710
610
300
960
450
660
680
400
540
620
1050
760
450
210
1050
920
640
780
530
1040
150
1350
1160
870
3120
1000
520
980
420
1350
410
2220
1050
900
310
470
960
1200
970
850
850
630
710
720
200
560
770
640
930
900
390
400
850
470
2930
1050
630
1960
290
400
750
440
450
450
1070
1080
450
720
1000
380
420
640
120
590
1180
870
2200
440
410
170
440
690
810
510
810
670
680
540
440
560
590
760
710
510
990
1500
600
990
960
990
1910
1350
2220
750
930
920
770
740
220
1050
1500
1090
920
1000
270
1940
760
780
1650
440
370
900
1420
910
1060
2070
690
680
1160
500
1050
410
820
950
330
780
660
940
860
1500
250
590
910
1050
590
2090
480
470
610
1350
870
1050
1350
990
440
200
390
2390
2070
370
500
450
790
580
1200
460
1000
640
690
390
1050
820
760
360
1350
170
1010
610
340
1010
140
1500
510
580
170
90
550
730
910
540
140
700
30
610
420
290
80
40
410
120
90
570
30
500
420
230
480
590
20
10
20
20
10
10
20
10
20
20
20
10
20
10
10
10
10
10
10
20
20
20
20
10
10
30
10
20
20
30
10
10
20
10
10
10
20
20
30
10
20
10
10
20
20
10
20
20
30
20
10
10
10
30
20
10
20
30
10
10
20
10
20
10
20
10
10
30
10
20
20
10
20
20
20
10
10
20
20
10
10
10
10
10
20
20
20
20
10
10
20
10
20
10
30
20
20
20
10
10
10
20
20
20
20
30
20
20
20
10
20
10
20
20
20
10
20
20
20
10
20
20
30
20
10
10
230
250
60
